0	[173593, 191677, 232490, 239338, 256620, 316323, 356972, 380915, 384298, 473066, 479433, 480696, 653975, 670093, 677582, 688673, 700779, 731282, 742371, 744700, 754085, 781274, 790661, 822115, 849738, 865037, 934074, 992334, 1002597, 1027078, 1045980, 1086703, 1147212, 1157004, 1176992, 1284357, 1287379, 1373261, 1390774, 1394918, 1468447, 1485916, 1489409, 1492370, 1561938, 1603900, 1643468, 1775516, 1797310, 1899005, 1920255, 1949435, 2009087, 2028099, 2038667]
1	[73216, 374745, 422300, 455752, 1109689, 1881823]
2	[173339, 385687, 431836, 511389, 544881, 620186, 1171069, 1246530, 1265839, 1367089, 1525028, 1942120, 2037299]
3	[6936, 14835, 50359, 104177, 173339, 180883, 224128, 239133, 304161, 385687, 398292, 423456, 431836, 435344, 442534, 470762, 477978, 485743, 506678, 509441, 510274, 511389, 525932, 544881, 620186, 667855, 706731, 713254, 724670, 739949, 743963, 865155, 925233, 959427, 1008448, 1070212, 1158920, 1171069, 1191435, 1202675, 1246530, 1265839, 1305659, 1317012, 1349992, 1360498, 1367089, 1379128, 1525028, 1537249, 1576297, 1753118, 1813981, 1942120, 1998752, 2006561, 2037299, 2040759]
4	[267034, 312794, 499953, 1019609]
5	[33417, 44403, 185523, 235093, 266280, 345421, 356540, 395782, 446167, 492974, 519503, 521397, 571810, 586185, 661319, 775388, 889291, 959295, 992688, 1014820, 1029726, 1040142, 1050928, 1063775, 1108472, 1168815, 1173076, 1197899, 1201175, 1292929, 1375289, 1476568, 1481209, 1485450, 1499959, 1510830, 1544742, 1562105, 1562625, 1695419, 1732392, 1759695, 1871332, 1959217, 2042540, 2046348, 2081562]
6	[108559, 319867, 737782, 1719557, 2076701, 2091832]
7	[639466, 725019, 1088678, 1201815]
8	[473436, 590785, 1107698, 1253108, 1982133, 2047018, 2067907]
9	[117066, 842645, 1119534, 1220077]
10	[83376, 90317, 143415, 153470, 171002, 220550, 229952, 258967, 280439, 357245, 405279, 418150, 511781, 575771, 589598, 598158, 642982, 679297, 708080, 714380, 787796, 795257, 810735, 813636, 825466, 833129, 841015, 875863, 910939, 931049, 935776, 963148, 965076, 970160, 970490, 1032029, 1045021, 1082547, 1098358, 1125646, 1138420, 1152233, 1165425, 1178195, 1224245, 1231028, 1234713, 1246650, 1346967, 1405426, 1410699, 1417243, 1449824, 1459714, 1490672, 1554678, 1597320, 1683303, 1692925, 1728164, 1749109, 1858381, 1873607, 1923192, 1979024, 2052043, 2060106, 2081131, 2093891]
11	[958301, 1162853, 1549032, 1565051]
12	[265933, 1166845, 1276675, 1401559]
13	[487752, 916602, 1174742, 1683311, 1875369]
14	[346310, 617164, 924388, 1254510]
15	[204101, 735424, 1184365, 1455873, 1656601]
16	[25792, 226280, 444898, 744541, 757419, 1196426]
17	[6110, 230498, 539865, 755822, 889064, 1124046, 1198534, 1564534, 1592997, 1596719, 1971852]
18	[1209628, 1390240, 1580124, 1617284, 1794634, 1946929, 2066168]
19	[36450, 37330, 58017, 65109, 94185, 99609, 109455, 292049, 412610, 437544, 448873, 499367, 539907, 580336, 596587, 644063, 729698, 856590, 897556, 1090219, 1108000, 1117298, 1176719, 1230148, 1241725, 1297867, 1414966, 1479571, 1513573, 1525975, 1569963, 1607547, 1636010, 1679345, 1759022, 1801335, 1817739, 1862567, 1928375, 1943228, 1981182, 1981617, 2026615]
20	[494254, 970012, 1261486, 1880065, 1903719]
21	[105229, 1180630, 1212680, 1281941, 1386541]
22	[140029, 766649, 794748, 1274841, 1294321, 1320383, 1623490]
23	[129457, 494296, 835642, 1495961, 1629394]
24	[268856, 367517, 1180289, 1279087, 1325405, 1494148]
25	[13354, 419467, 532424, 1469128, 2017643]
26	[331408, 1351556, 1566170, 1871817]
27	[295558, 372482, 591107, 650064, 1233506, 1353156, 1725488]
28	[399477, 1382429, 1491001, 1910777]
29	[149057, 357179, 872825, 1428997, 1588767]
30	[88388, 452530, 1429989, 1597848, 1697086, 1954532]
31	[690597, 1432488, 1922244, 1947928]
32	[281931, 535691, 579661, 1132521, 1444056]
33	[116009, 1521668, 1626629, 1909047, 2064523]
34	[46423, 137622, 704004, 1275173, 1524136, 1527648, 1998550, 2087553]
35	[233486, 725044, 973520, 1528090, 1532160, 1595318]
36	[508018, 1593258, 1762242, 1836139]
37	[247384, 1187902, 1523933, 1629590]
38	[180539, 310080, 503970, 923760, 959623, 1330769, 1369240, 1635641, 1744199, 2078034]
39	[922325, 1180958, 1667873, 1976367, 2039166]
40	[183441, 745640, 898955, 1669109]
41	[271995, 317580, 1463759, 1564521, 1675066]
42	[20448, 1201079, 1685011, 2066972]
43	[2672, 17612, 966656, 1724998]
44	[459445, 697057, 1813380, 2035914, 2079003]
45	[69324, 683940, 998036, 1843161]
46	[643447, 1873443, 1953824, 2014530]
47	[261021, 896242, 920852, 1820326]
48	[4908, 6534, 8129, 15466, 21665, 25883, 26866, 36486, 38492, 38622, 48628, 48730, 49375, 62001, 64694, 72120, 74613, 74616, 83986, 85750, 95161, 96702, 101816, 119477, 119934, 127037, 128533, 131876, 133205, 134366, 142394, 146240, 149913, 152338, 161395, 161994, 168587, 174974, 179142, 179988, 180661, 193629, 196239, 199078, 213290, 216278, 217150, 220592, 223773, 225622, 227048, 245969, 250943, 257896, 258503, 265272, 273492, 275317, 277274, 286210, 287675, 289181, 291785, 297404, 298495, 302897, 312564, 313742, 325528, 327024, 328274, 331284, 345382, 345618, 349317, 355680, 374355, 374824, 375714, 376187, 378101, 379254, 382365, 386585, 392869, 393107, 405929, 422666, 427493, 428815, 432283, 439105, 440632, 444297, 444761, 462663, 462736, 464830, 484248, 500215, 504300, 506611, 516262, 523606, 525323, 530908, 537824, 539617, 546233, 546825, 563629, 574210, 575483, 580064, 580785, 581794, 583339, 591820, 597706, 618704, 619203, 626177, 629470, 636911, 637018, 638964, 646215, 647535, 651614, 652484, 657215, 668211, 668484, 674611, 677589, 678642, 682679, 687631, 695020, 698208, 703296, 703402, 704362, 711301, 715390, 716681, 723987, 727998, 731443, 733140, 733475, 734861, 737575, 742301, 748592, 753790, 755524, 756638, 757845, 766395, 767374, 772368, 774775, 778784, 779535, 795501, 797317, 798869, 801862, 805298, 809736, 810123, 818164, 821075, 821251, 821721, 821837, 824998, 832662, 838917, 839308, 839736, 855567, 856067, 856573, 857166, 864973, 871111, 872243, 874887, 875692, 880807, 897257, 900022, 903769, 918616, 918738, 919935, 932874, 933372, 938179, 938197, 941906, 943737, 947320, 953336, 968967, 970547, 973062, 973383, 973665, 974601, 985277, 986349, 992045, 992263, 993195, 997011, 1012664, 1013602, 1020418, 1028085, 1030195, 1039362, 1051158, 1053224, 1060157, 1071678, 1075494, 1076477, 1086555, 1094296, 1101472, 1108483, 1111313, 1114109, 1116329, 1128580, 1130496, 1132076, 1134424, 1143856, 1148414, 1155879, 1176667, 1178625, 1181215, 1185012, 1192794, 1195226, 1203064, 1208151, 1208350, 1218456, 1221753, 1223310, 1227574, 1229412, 1229660, 1234605, 1241160, 1241516, 1242167, 1246313, 1248261, 1248270, 1250700, 1250941, 1255453, 1267918, 1280922, 1283332, 1289734, 1298361, 1300247, 1305659, 1314558, 1317574, 1319731, 1321359, 1326471, 1327711, 1331654, 1334236, 1334972, 1342832, 1345871, 1353005, 1357973, 1359382, 1360715, 1363381, 1368389, 1371106, 1381070, 1381640, 1388022, 1388162, 1388440, 1393253, 1394838, 1396757, 1399755, 1413637, 1421418, 1424087, 1425469, 1426301, 1427875, 1430803, 1430968, 1432187, 1437636, 1446246, 1446356, 1464748, 1480703, 1480813, 1491664, 1492009, 1495587, 1508923, 1509021, 1509307, 1510967, 1513840, 1514680, 1522908, 1527441, 1529852, 1533011, 1534016, 1537207, 1547860, 1549219, 1549439, 1563653, 1570102, 1571183, 1584066, 1588412, 1595784, 1596719, 1611783, 1612579, 1612584, 1616474, 1622104, 1623035, 1624321, 1627198, 1632214, 1633558, 1639202, 1640943, 1643467, 1660198, 1678060, 1678204, 1678785, 1681027, 1682503, 1687983, 1695328, 1696241, 1696753, 1707585, 1710420, 1718408, 1728432, 1739457, 1740829, 1742829, 1744503, 1747170, 1749548, 1756058, 1763715, 1772919, 1788018, 1791156, 1796737, 1800174, 1804735, 1809285, 1812811, 1813262, 1813824, 1814880, 1840656, 1846280, 1848529, 1848663, 1859190, 1861552, 1861684, 1865282, 1873375, 1882987, 1892706, 1894702, 1897980, 1899557, 1901189, 1901765, 1902375, 1908858, 1911267, 1912012, 1912164, 1914254, 1932614, 1932928, 1934504, 1937657, 1940081, 1942625, 1946546, 1967769, 1970360, 1973863, 1975667, 1980139, 1991168, 1991646, 1993180, 1994470, 1996962, 1997632, 1998032, 2013273, 2015129, 2018684, 2041384, 2045913, 2051549, 2057133, 2057936, 2065364, 2068147, 2085655, 2089499, 2091426, 2094648]
49	[366288, 564947, 733929, 788040]
50	[408230, 557868, 813863, 1906865]
51	[601331, 666534, 774876, 974088, 983693, 1170077, 1885933, 1934078]
52	[557591, 863925, 870289, 1668273]
53	[8129, 10019, 15466, 19843, 20967, 33434, 38398, 38492, 48730, 49375, 62001, 62641, 64694, 72385, 74613, 81689, 85750, 92759, 96972, 101816, 121745, 127037, 128533, 131876, 133205, 148882, 152338, 156781, 161395, 164603, 168587, 169797, 179142, 180661, 193629, 196239, 199078, 210814, 211950, 213290, 220592, 241855, 258503, 263393, 266349, 289181, 295863, 297404, 298495, 299728, 302897, 303603, 313742, 321318, 328117, 328274, 331284, 342516, 345382, 345618, 349317, 353069, 378101, 382365, 386585, 392869, 393107, 398487, 427493, 432283, 440632, 444532, 444761, 467299, 476970, 484248, 504575, 520054, 525323, 531338, 535082, 536972, 539617, 546825, 549003, 557026, 559950, 567841, 575483, 580486, 580785, 581794, 592391, 609256, 626177, 637018, 647535, 651614, 657215, 668484, 687631, 695020, 698208, 704362, 711301, 721255, 727998, 733140, 733475, 742301, 753509, 753790, 760596, 769381, 772368, 774775, 774798, 776705, 778784, 779535, 798854, 800081, 801862, 805298, 809736, 813540, 821075, 823913, 824453, 838917, 839736, 841387, 841552, 843401, 855567, 856573, 857166, 864019, 872243, 873971, 884977, 888093, 919935, 931476, 931698, 932874, 936244, 952821, 953336, 963448, 970547, 973062, 973383, 991160, 992263, 998420, 1020418, 1024085, 1028085, 1039362, 1049061, 1079396, 1101472, 1108483, 1111313, 1116329, 1119337, 1129455, 1130496, 1131984, 1132076, 1134424, 1143639, 1143856, 1148414, 1152246, 1161488, 1181215, 1185012, 1192794, 1194287, 1195226, 1205461, 1221753, 1223310, 1225393, 1229660, 1237943, 1241160, 1247820, 1248261, 1250700, 1255142, 1263311, 1267918, 1269351, 1276986, 1280922, 1283332, 1297648, 1297882, 1305659, 1312277, 1317709, 1318220, 1319731, 1321359, 1325295, 1326471, 1327711, 1331654, 1334236, 1337278, 1353005, 1357973, 1360715, 1366970, 1368389, 1373006, 1381070, 1381640, 1388022, 1388440, 1393253, 1394838, 1399755, 1400547, 1413637, 1421418, 1423904, 1425352, 1425469, 1427875, 1430803, 1430968, 1432187, 1452405, 1480813, 1492009, 1492555, 1492679, 1504044, 1508923, 1513840, 1524498, 1527441, 1529852, 1537207, 1547150, 1549219, 1557777, 1563653, 1570102, 1570944, 1594431, 1607917, 1607944, 1611783, 1616474, 1618056, 1627198, 1632214, 1636826, 1640943, 1651940, 1653780, 1660198, 1660730, 1678204, 1678785, 1696753, 1706538, 1710420, 1713904, 1728432, 1740829, 1751670, 1756058, 1763715, 1763807, 1770468, 1786015, 1796195, 1796737, 1809394, 1812811, 1815816, 1822171, 1830983, 1831128, 1836866, 1846010, 1859190, 1861552, 1861684, 1865282, 1873375, 1897980, 1901189, 1901765, 1912012, 1912164, 1936854, 1937657, 1941455, 1946142, 1952341, 1970360, 1973863, 1975667, 1980139, 1984246, 1993180, 1994470, 1997632, 2017474, 2045913, 2047880, 2051549, 2057936, 2065364, 2074966, 2080368, 2091426]
